14 0.946582 0.223473 0.039058 0.033226
14 0.940839 0.285638 0.025273 0.031083
14 0.967835 0.285638 0.025273 0.031083
14 0.466399 0.298499 0.025273 0.033226
14 0.943423 0.589496 0.038484 0.032154
40 0.495692 0.031618 0.986789 0.041801
31 0.723722 0.148982 0.398621 0.027867
17 0.721999 0.186495 0.398621 0.027867
20 0.500862 0.185423 0.037909 0.034298
20 0.499426 0.148982 0.040781 0.030011
17 0.269385 0.148446 0.400919 0.022508
25 0.269673 0.185959 0.400345 0.024652
31 0.270247 0.220793 0.402642 0.023580
20 0.046525 0.145766 0.040207 0.032154
20 0.046812 0.188639 0.041930 0.032154
20 0.045951 0.222937 0.042504 0.025723
3 0.495692 0.182208 0.966111 0.130761
14 0.971568 0.087353 0.015508 0.035370
20 0.384262 0.297964 0.062033 0.036442
31 0.430500 0.302787 0.028145 0.028939
41 0.178920 0.295284 0.325675 0.043944
4 0.251580 0.521972 0.465250 0.385852
37 0.252154 0.737406 0.465250 0.036442
42 0.738656 0.346731 0.460655 0.037513
42 0.739518 0.548232 0.463527 0.033226
41 0.690408 0.957128 0.369902 0.027867
14 0.901206 0.961951 0.039058 0.024652
14 0.945721 0.964630 0.041930 0.027867
3 0.250718 0.627546 0.479609 0.714898
20 0.551982 0.387996 0.076967 0.034298
20 0.551694 0.428725 0.077542 0.030011
20 0.552269 0.470525 0.079839 0.036442
20 0.780873 0.471597 0.076393 0.030011
20 0.778863 0.429260 0.073521 0.031083
20 0.778863 0.387996 0.073521 0.036442
20 0.582424 0.590568 0.136703 0.038585
20 0.581562 0.630761 0.134980 0.035370
20 0.583285 0.675777 0.136129 0.037513
20 0.583860 0.714362 0.140724 0.039657
20 0.582998 0.756699 0.135554 0.032154
20 0.583573 0.800643 0.135554 0.030011
20 0.584434 0.843516 0.140724 0.040729
20 0.582424 0.884780 0.137852 0.043944
20 0.811890 0.590032 0.076393 0.037513
20 0.811603 0.631833 0.076967 0.037513
20 0.894026 0.387460 0.141872 0.031083
25 0.663699 0.389603 0.140724 0.031083
25 0.888570 0.588424 0.067777 0.023580
25 0.712809 0.592176 0.107984 0.026795
25 0.810454 0.673633 0.307869 0.026795
25 0.809879 0.717578 0.304423 0.022508
25 0.811603 0.758307 0.305572 0.031083
25 0.810454 0.799035 0.305572 0.022508
25 0.810454 0.842980 0.303274 0.024652
25 0.811315 0.882101 0.307295 0.023580
17 0.908099 0.632369 0.110281 0.027867
7 0.692131 0.633976 0.068926 0.022508
7 0.629810 0.473205 0.067203 0.022508
7 0.857840 0.471597 0.068352 0.027867
17 0.664848 0.429796 0.141872 0.027867
31 0.893739 0.433012 0.139001 0.023580
32 0.742964 0.636656 0.488800 0.726688
