14 0.876410 0.204023 0.044173 0.044061
14 0.919173 0.204023 0.033835 0.044061
14 0.956767 0.202107 0.031955 0.044061
40 0.508929 0.081418 0.970865 0.078544
3 0.513628 0.209770 0.972744 0.181992
20 0.075188 0.175287 0.048872 0.051724
20 0.074718 0.235632 0.049812 0.049808
20 0.343045 0.169540 0.033835 0.047893
20 0.600094 0.179119 0.032895 0.055556
31 0.721805 0.174330 0.203008 0.042146
25 0.465695 0.176245 0.198308 0.045977
25 0.212876 0.173372 0.207707 0.040230
7 0.220395 0.232759 0.224624 0.044061
7 0.455827 0.233716 0.221805 0.045977
20 0.337406 0.230843 0.013158 0.040230
3 0.513628 0.654215 0.972744 0.660920
41 0.512688 0.358238 0.972744 0.045977
4 0.511278 0.679119 0.956767 0.588123
