40 0.500588 0.027582 0.998824 0.038732
3 0.499804 0.102113 0.990987 0.089202
14 0.978448 0.118545 0.015674 0.025822
14 0.959248 0.118545 0.018025 0.028169
14 0.985306 0.956573 0.016066 0.032864
14 0.966693 0.953052 0.018025 0.032864
14 0.948276 0.953052 0.015674 0.030516
14 0.928879 0.954812 0.016066 0.034038
14 0.907524 0.955399 0.016458 0.035211
14 0.032328 0.956573 0.018417 0.030516
14 0.013323 0.954225 0.018025 0.028169
3 0.500196 0.955399 0.997257 0.053991
3 0.498824 0.892019 0.994514 0.063380
3 0.498629 0.499413 0.993339 0.686620
20 0.014498 0.081573 0.017241 0.026995
20 0.014303 0.116784 0.017633 0.026995
20 0.326607 0.081573 0.032524 0.031690
20 0.326019 0.118545 0.034483 0.028169
20 0.641850 0.082160 0.014107 0.028169
20 0.642045 0.122653 0.014498 0.026995
20 0.682406 0.241197 0.034875 0.029343
20 0.683190 0.275822 0.035658 0.032864
20 0.683190 0.312207 0.035658 0.042254
20 0.352665 0.243545 0.032915 0.026995
20 0.352665 0.276408 0.035266 0.029343
20 0.352273 0.315141 0.036050 0.036385
20 0.022531 0.207746 0.034091 0.023474
20 0.022335 0.239437 0.034483 0.030516
20 0.022139 0.277582 0.034091 0.034038
20 0.022139 0.313380 0.034091 0.030516
20 0.185933 0.313380 0.290361 0.025822
20 0.498237 0.875587 0.991771 0.023474
20 0.498433 0.903756 0.988245 0.023474
20 0.848550 0.307512 0.290361 0.035211
20 0.519201 0.311033 0.289969 0.023474
3 0.500196 0.166667 0.989420 0.030516
14 0.933973 0.170775 0.015282 0.024648
14 0.951607 0.170775 0.014498 0.026995
14 0.968848 0.172535 0.014498 0.030516
14 0.988245 0.171362 0.014107 0.025822
42 0.459639 0.171362 0.918495 0.028169
25 0.101881 0.210681 0.115204 0.029343
25 0.102469 0.243545 0.116379 0.029343
31 0.847375 0.245305 0.289577 0.025822
17 0.847375 0.276995 0.291928 0.021127
7 0.391066 0.275822 0.038401 0.028169
7 0.436324 0.279343 0.040361 0.032864
20 0.412813 0.277582 0.006661 0.026995
5 0.517045 0.243545 0.292712 0.024648
7 0.060345 0.275822 0.038401 0.028169
7 0.412813 0.116197 0.135188 0.021127
7 0.557014 0.117371 0.136755 0.023474
7 0.485110 0.082746 0.281348 0.024648
25 0.165948 0.079225 0.280172 0.026995
25 0.237657 0.118545 0.136755 0.025822
25 0.093260 0.119131 0.137147 0.022300
20 0.164969 0.122066 0.007053 0.025822
20 0.483738 0.119131 0.009013 0.024648
31 0.790556 0.079812 0.282524 0.018779
31 0.697688 0.122066 0.096003 0.028169
17 0.840909 0.120892 0.184169 0.028169
