40 0.499682 0.041246 0.994275 0.058923
3 0.500636 0.191919 0.988550 0.205387
14 0.958015 0.247475 0.041985 0.040404
20 0.046120 0.131313 0.048982 0.047138
20 0.044847 0.189394 0.047710 0.042088
20 0.044529 0.249158 0.050891 0.043771
20 0.275127 0.132997 0.047710 0.047138
20 0.275763 0.191077 0.048982 0.045455
8 0.333015 0.187710 0.065522 0.042088
20 0.506361 0.127946 0.054707 0.043771
20 0.507316 0.191077 0.052799 0.045455
20 0.735687 0.131313 0.048982 0.050505
20 0.734733 0.188552 0.049618 0.043771
20 0.736323 0.249158 0.048982 0.050505
28 0.779262 0.246633 0.035623 0.052189
7 0.796438 0.134680 0.069975 0.037037
7 0.875318 0.194444 0.064885 0.045455
7 0.796438 0.191919 0.064885 0.040404
20 0.836832 0.191077 0.009542 0.031987
17 0.159033 0.188552 0.170483 0.033670
5 0.136768 0.248316 0.129771 0.038721
25 0.454198 0.250842 0.502545 0.040404
25 0.567112 0.129630 0.064249 0.033670
25 0.638995 0.132997 0.064249 0.037037
20 0.602417 0.136364 0.005089 0.033670
29 0.600509 0.191919 0.133588 0.050505
42 0.155534 0.347643 0.298346 0.048822
14 0.327608 0.351010 0.039440 0.048822
14 0.376590 0.349327 0.054707 0.038721
14 0.433842 0.350168 0.038168 0.040404
14 0.476463 0.351852 0.039440 0.043771
14 0.931934 0.350168 0.041985 0.047138
14 0.974237 0.349327 0.042621 0.045455
14 0.874682 0.351010 0.055980 0.042088
14 0.826018 0.351010 0.038804 0.048822
14 0.970420 0.420034 0.042621 0.045455
3 0.252545 0.494949 0.488550 0.222222
42 0.654898 0.354377 0.298346 0.055556
3 0.750636 0.674242 0.489822 0.567340
20 0.050891 0.418350 0.083969 0.055556
20 0.052163 0.494108 0.085242 0.075758
20 0.051527 0.572391 0.085242 0.060606
20 0.214377 0.420034 0.082697 0.065657
20 0.214059 0.495791 0.083333 0.082492
20 0.377545 0.497475 0.084606 0.075758
20 0.378499 0.420875 0.083969 0.063973
20 0.133588 0.418350 0.075064 0.058923
20 0.133906 0.496633 0.074427 0.084175
20 0.294847 0.571549 0.400127 0.058923
20 0.298982 0.418350 0.077608 0.055556
20 0.296756 0.495791 0.074427 0.075758
20 0.459924 0.422559 0.073791 0.063973
20 0.457379 0.499158 0.075064 0.079125
20 0.549618 0.419192 0.085242 0.060606
20 0.550254 0.488215 0.086514 0.057239
20 0.549618 0.555556 0.083969 0.060606
20 0.549936 0.622054 0.083333 0.075758
20 0.548346 0.685185 0.083969 0.060606
20 0.549618 0.754209 0.085242 0.067340
20 0.549618 0.866162 0.083969 0.143098
20 0.793257 0.753367 0.082697 0.069024
20 0.793257 0.685185 0.082697 0.060606
20 0.792939 0.617845 0.080789 0.067340
20 0.793257 0.554714 0.080153 0.055556
20 0.794211 0.488215 0.085878 0.057239
20 0.795165 0.424242 0.083969 0.050505
33 0.792303 0.867003 0.388677 0.151515
25 0.671438 0.420034 0.144402 0.048822
25 0.893130 0.420875 0.101781 0.040404
5 0.671438 0.484848 0.146947 0.037037
5 0.915712 0.484848 0.146947 0.040404
7 0.877863 0.551347 0.072519 0.031987
5 0.633906 0.549663 0.070611 0.045455
20 0.685751 0.550505 0.031807 0.043771
7 0.633588 0.617003 0.068702 0.042088
7 0.709924 0.617003 0.072519 0.038721
31 0.915712 0.613636 0.146947 0.045455
28 0.875318 0.687710 0.068702 0.055556
8 0.885496 0.750000 0.090331 0.065657
31 0.633906 0.683502 0.071883 0.040404
31 0.708969 0.684343 0.073155 0.038721
29 0.661260 0.748316 0.127863 0.052189
