40 0.502941 0.031818 0.994118 0.043182
3 0.502353 0.100000 0.992941 0.084091
3 0.086275 0.100000 0.153725 0.077273
3 0.240784 0.102841 0.147451 0.076136
3 0.392941 0.100568 0.149020 0.076136
3 0.546667 0.100568 0.150588 0.076136
20 0.543922 0.096023 0.116863 0.062500
20 0.392745 0.096023 0.112549 0.062500
20 0.239412 0.101705 0.111765 0.062500
20 0.087451 0.098864 0.107451 0.065909
3 0.505490 0.207955 0.989020 0.125000
14 0.945686 0.216477 0.026275 0.035227
14 0.971176 0.218750 0.019216 0.035227
14 0.909804 0.340909 0.018039 0.036364
14 0.931569 0.338636 0.016078 0.036364
14 0.966863 0.337500 0.045098 0.036364
14 0.117255 0.339205 0.018824 0.035227
25 0.179412 0.192045 0.260784 0.036364
25 0.111961 0.244318 0.126667 0.036364
25 0.247059 0.244886 0.124706 0.037500
7 0.488824 0.195455 0.260784 0.029545
7 0.421961 0.243182 0.127843 0.038636
7 0.557451 0.243182 0.125882 0.027273
31 0.782941 0.190909 0.261569 0.036364
31 0.698039 0.246591 0.091765 0.034091
31 0.073137 0.336932 0.063137 0.023864
17 0.829020 0.241477 0.167059 0.030682
41 0.023333 0.336364 0.030196 0.031818
3 0.497843 0.610795 0.989412 0.630682
37 0.496471 0.906250 0.992157 0.032955
4 0.495882 0.623864 0.990980 0.509091
14 0.956471 0.975000 0.018039 0.038636
14 0.979412 0.973295 0.020000 0.035227
